image_width: 640
image_height: 480
camera_name: narrow_stereo
camera_matrix:
  rows: 3
  cols: 3
  data: [578.616077, 0, 343.909323, 0, 577.84739, 267.471889, 0, 0, 1]
distortion_model: plumb_bob
distortion_coefficients:
  rows: 1
  cols: 5
  data: [-0.396007, 0.162285, 0.002191, -0.006019999999999999, 0]
rectification_matrix:
  rows: 3
  cols: 3
  data: [1, 0, 0, 0, 1, 0, 0, 0, 1]
projection_matrix:
  rows: 3
  cols: 4
  data: [499.71579, 0, 345.501378, 0, 0, 531.779419, 272.323787, 0, 0, 0, 1, 0]